          1          0          0
          2          1          1
          3          3          4
          4          7          9
          5         11         14
          6         16         22
          7         22         32
          8         29         42
          9         36         52
         10         44         66
         11         54         80
         12         66        105
         13         77        116
         14         90        139
         15        104        155
         16        118        180
         17        132        204
         18        151        225
         19        165        246
         20        187        291
         21        203        306
         22        224        351
         23        243        376
         24        271        417
         25        292        453
         26        310        480
         27        346        537
         28        369        566
         29        396        601
         30        422        642
         31        460        716
         32        485        732
         33        511        802
         34        546        836
         35        573        883
         36        608        924
         37        650       1003
         38        688       1069
         39        725       1135
         40        760       1174
         41        801       1228
         42        834       1272
         43        875       1365
         44        921       1399
         45        972       1488
         46       1011       1558
         47       1059       1636
         48       1112       1676
         49       1144       1776
         50       1196       1833
         51       1239       1891
         52       1303       1987
         53       1339       2069
         54       1405       2139
         55       1442       2231
         56       1493       2307
         57       1566       2465
         58       1606       2450
         59       1677       2582
         60       1726       2710
         61       1784       2721
         62       1837       2832
         63       1903       2932
         64       1976       3023
         65       2027       3095
         66       2093       3230
         67       2155       3271
         68       2218       3429
         69       2300       3539
         70       2353       3590
         71       2427       3713
         72       2527       3848
         73       2578       3863
         74       2648       4067
         75       2724       4176
         76       2794       4280
         77       2876       4438
         78       2958       4538
         79       3009       4614
         80       3099       4741
         81       3183       4849
         82       3249       4960
         83       3323       5105
         84       3415       5282
         85       3497       5384
         86       3578       5468
         87       3666       5574
         88       3743       5701
         89       3815       5833
         90       3939       5980
         91       4010       6089
         92       4114       6194
         93       4201       6432
         94       4274       6477
         95       4378       6725
         96       4479       6876
         97       4565       6945
         98       4648       7101
         99       4744       7324
        100       4855       7318
        101       4936       7572
        102       5069       7637
        103       5177       8098
        104       5250       7947
        105       5338       8160
        106       5470       8348
        107       5587       8558
        108       5690       8721
        109       5773       8838
        110       5876       8907
        111       6018       9274
        112       6099       9311
        113       6229       9473
        114       6298       9617
        115       6409       9862
        116       6555       9992
        117       6654      10295
        118       6739      10313
        119       6886      10574
        120       7024      10788
        121       7163      10847
        122       7277      11174
        123       7396      11245
        124       7493      11410
        125       7579      11602
        126       7762      11776
        127       7878      11949
        128       7970      12290
        129       8079      12410
        130       8232      12554
        131       8338      12751
        132       8498      12823
        133       8632      13111
        134       8746      13277
        135       8901      13494
        136       9036      13742
        137       9192      13948
        138       9283      14166
        139       9457      14459
        140       9627      14888
        141       9748      14820
        142       9836      14798
        143      10019      15292
        144      10164      15578
        145      10259      15595
        146      10430      15846
        147      10540      16198
        148      10711      16259
        149      10830      16549
        150      10998      16770
        151      11145      16943
        152      11280      17194
        153      11436      17452
        154      11593      17693
        155      11753      17785
        156      11902      18188
        157      12066      18468
        158      12247      18637
        159      12369      18854
        160      12511      19116
        161      12677      19118
        162      12866      19352
        163      13026      19732
        164      13162      20014
        165      13339      20108
        166      13508      20633
        167      13660      20942
        168      13849      21079
        169      14027      21291
        170      14178      21542
        171      14342      21868
        172      14484      22238
        173      14696      22518
        174      14853      22585
        175      15024      22805
        176      15241      23036
        177      15377      23319
        178      15552      23701
        179      15714      23736
        180      15910      23980
        181      16091      24523
        182      16197      24616
        183      16414      24976
        184      16623      25138
        185      16801      25619
        186      16998      25553
        187      17109      26231
        188      17339      26596
        189      17513      26635
        190      17734      27005
        191      17850      27006
        192      18100      27480
        193      18291      27695
        194      18493      27957
        195      18681      28229
        196      18900      28496
        197      19067      28731
        198      19276      29121
        199      19537      29823
        200      19614      29733
        201      19819      30140
        202      20052      30386
        203      20191      30672
        204      20421      31149
        205      20646      31311
        206      20818      31942
        207      21042      32036
        208      21311      32299
        209      21450      32631
        210      21651      32584
        211      21863      33314
        212      22072      33424
        213      22314      33644
        214      22460      34313
        215      22690      34521
        216      22892      34702
        217      23169      35240
        218      23333      35162
        219      23609      35751
        220      23810      36209
        221      23950      36305
        222      24228      36938
        223      24419      36752
        224      24722      37555
        225      24984      38012
        226      25058      38163
        227      25396      38603
        228      25594      38867
        229      25819      39218
        230      26066      39352
        231      26200      39962
        232      26469      40062
        233      26705      40732
        234      26946      40865
        235      27168      41484
        236      27410      41316
        237      27724      41923
        238      27875      42563
        239      28083      42655
        240      28392      42991
        241      28679      43240
        242      28872      43515
        243      29055      44162
        244      29323      44464
        245      29521      44939
        246      29872      45102
        247      30088      45678
        248      30343      46062
        249      30546      46663
        250      30774      46665
        251      31068      47090
        252      31242      47846
        253      31552      48002
        254      31865      48147
        255      31993      48437
        256      32222      49191
        257      32507      49601
        258      32706      49480
        259      33002      49943
        260      33301      50236
        261      33590      50805
        262      33875      51326
        263      34049      51442
        264      34354      52276
        265      34691      52482
        266      34796      52618
        267      35138      53130
        268      35465      53565
        269      35626      54438
        270      35902      54432
        271      36116      55009
        272      36450      55273
        273      36776      56121
        274      37023      56443
        275      37282      56301
        276      37643      56928
        277      37775      57009
        278      38033      57505
        279      38359      57832
        280      38591      58757
        281      39005      58916
        282      39232      59705
        283      39501      60058
        284      39704      60051
        285      40032      60872
        286      40241      61105
        287      40611      61602
        288      40865      61888
        289      41263      62683
        290      41480      62943
        291      41812      63260
        292      41976      63706
        293      42376      63731
        294      42694      64682
        295      42875      64832
        296      43219      65610
        297      43526      66100
        298      43796      66666
        299      44006      66473
        300      44415      67059
