          1          0          0
          2          1          2
          3          3          5
          4          6          9
          5          9         13
          6         12         17
          7         16         22
          8         21         28
          9         26         34
         10         31         40
         11         37         47
         12         44         55
         13         51         63
         14         58         71
         15         66         80
         16         75         90
         17         83         99
         18         93        110
         19        103        121
         20        113        132
         21        125        145
         22        136        157
         23        149        171
         24        161        184
         25        173        197
         26        187        212
         27        201        227
         28        215        242
         29        231        259
         30        246        275
         31        261        291
         32        280        311
         33        296        328
         34        313        346
         35        331        365
         36        349        384
         37        367        403
         38        387        424
         39        407        445
         40        429        468
         41        447        487
         42        469        510
         43        491        533
         44        517        560
         45        540        584
         46        562        607
         47        584        630
         48        611        658
         49        635        683
         50        660        709
         51        687        737
         52        713        764
         53        742        794
         54        766        819
         55        797        851
         56        824        879
         57        853        909
         58        883        940
         59        912        970
         60        943       1002
         61        977       1037
         62       1004       1065
         63       1041       1103
         64       1068       1131
         65       1106       1170
         66       1136       1201
         67       1172       1238
         68       1204       1271
         69       1242       1310
         70       1275       1344
         71       1312       1382
         72       1348       1419
         73       1382       1454
         74       1420       1493
         75       1464       1538
         76       1499       1574
         77       1541       1617
         78       1580       1657
         79       1619       1697
         80       1655       1734
         81       1701       1781
         82       1741       1822
         83       1778       1860
         84       1824       1907
         85       1864       1948
         86       1911       1996
         87       1964       2050
         88       2003       2090
         89       2043       2131
         90       2090       2179
         91       2137       2227
         92       2184       2275
         93       2229       2321
         94       2276       2369
         95       2329       2423
         96       2379       2474
         97       2417       2513
         98       2480       2577
         99       2527       2625
        100       2574       2673
        101       2623       2723
        102       2678       2779
        103       2722       2824
        104       2780       2883
        105       2835       2939
        106       2885       2990
        107       2942       3048
        108       2988       3095
        109       3049       3157
        110       3099       3208
        111       3171       3281
        112       3217       3328
        113       3277       3389
        114       3337       3450
        115       3382       3496
        116       3453       3568
        117       3508       3624
        118       3559       3676
        119       3635       3753
        120       3683       3802
        121       3746       3866
        122       3808       3929
        123       3871       3993
        124       3938       4061
        125       3998       4122
        126       4068       4193
        127       4129       4255
        128       4187       4314
        129       4265       4393
        130       4323       4452
        131       4385       4515
        132       4457       4588
        133       4526       4658
        134       4594       4727
        135       4657       4791
        136       4731       4866
        137       4796       4932
        138       4852       4989
        139       4932       5070
        140       4995       5134
        141       5072       5212
        142       5146       5287
        143       5225       5367
        144       5277       5420
        145       5369       5513
        146       5443       5588
        147       5513       5659
        148       5580       5727
        149       5654       5802
        150       5736       5885
        151       5798       5948
        152       5890       6041
        153       5970       6122
        154       6054       6207
        155       6116       6270
        156       6192       6347
        157       6275       6431
        158       6372       6529
        159       6445       6603
        160       6521       6680
        161       6604       6764
        162       6679       6840
        163       6764       6926
        164       6848       7011
        165       6917       7081
        166       7021       7186
        167       7106       7272
        168       7189       7356
        169       7269       7437
        170       7363       7532
        171       7434       7604
        172       7531       7702
        173       7599       7771
        174       7694       7867
        175       7780       7954
        176       7870       8045
        177       7959       8135
        178       8034       8211
        179       8155       8333
        180       8228       8407
        181       8343       8523
        182       8405       8586
        183       8505       8687
        184       8606       8789
        185       8683       8867
        186       8785       8970
        187       8888       9074
        188       8965       9152
        189       9056       9244
        190       9173       9362
        191       9255       9445
        192       9359       9550
        193       9466       9658
        194       9556       9749
        195       9629       9823
        196       9773       9968
        197       9825      10021
        198       9937      10134
        199      10052      10250
        200      10155      10354
