          1          0          0
          2          1          2
          3          3          4
          4          6          7
          5         10         10
          6         14         13
          7         18         16
          8         24         20
          9         28         23
         10         32         27
         11         39         31
         12         45         35
         13         51         40
         14         56         43
         15         63         48
         16         67         51
         17         77         58
         18         81         61
         19         93         67
         20         93         68
         21        104         76
         22        112         82
         23        119         86
         24        122         87
         25        135         95
         26        142        100
         27        144        103
         28        152        109
         29        165        116
         30        174        121
         31        183        127
         32        191        134
         33        198        138
         34        205        141
         35        217        147
         36        225        155
         37        231        158
         38        238        163
         39        252        169
         40        261        174
         41        268        181
         42        280        190
         43        288        193
         44        297        198
         45        305        202
         46        319        213
         47        320        214
         48        321        219
         49        335        221
         50        343        229
         51        352        233
         52        370        244
         53        374        251
         54        394        256
         55        400        262
         56        402        265
         57        431        282
         58        422        278
         59        430        283
         60        436        289
         61        458        301
         62        457        300
         63        490        320
         64        493        319
         65        493        322
         66        509        330
         67        515        339
         68        532        345
         69        545        354
         70        543        354
         71        548        359
         72        571        368
         73        583        377
         74        588        374
         75        590        389
         76        620        396
         77        613        394
         78        640        405
         79        650        413
         80        653        420
         81        652        425
         82        679        434
         83        685        442
         84        686        446
         85        718        454
         86        713        455
         87        711        460
         88        747        478
         89        754        476
         90        753        482
         91        772        489
         92        797        501
         93        788        504
         94        815        514
         95        820        516
         96        825        524
         97        847        533
         98        861        544
         99        858        540
        100        884        564
        101        878        556
        102        895        565
        103        911        576
        104        898        572
        105        938        589
        106        959        603
        107        956        601
        108        965        606
        109        986        619
        110        987        620
        111       1013        632
        112       1022        635
        113       1017        642
        114       1038        656
        115       1044        654
        116       1070        670
        117       1100        683
        118       1092        675
        119       1071        674
        120       1102        686
        121       1114        696
        122       1142        707
        123       1146        716
        124       1175        731
        125       1161        731
        126       1184        737
        127       1167        734
        128       1209        751
        129       1223        761
        130       1235        769
        131       1259        786
        132       1249        784
        133       1269        794
        134       1256        784
        135       1296        808
        136       1281        808
        137       1323        819
        138       1313        822
        139       1336        829
        140       1341        827
        141       1360        848
        142       1357        847
        143       1367        859
        144       1402        868
        145       1399        869
        146       1396        876
        147       1416        883
        148       1439        895
        149       1440        900
        150       1480        910
        151       1537        947
        152       1486        919
        153       1504        932
        154       1524        946
        155       1532        948
        156       1520        938
        157       1540        955
        158       1559        952
        159       1553        962
        160       1580        981
        161       1614        992
        162       1621        997
        163       1609        983
        164       1623        994
        165       1651       1023
        166       1681       1029
        167       1655       1025
        168       1667       1038
        169       1699       1052
        170       1720       1056
        171       1764       1080
        172       1720       1049
        173       1760       1072
        174       1761       1082
        175       1771       1089
        176       1792       1102
        177       1765       1085
        178       1822       1112
        179       1845       1127
        180       1873       1150
        181       1852       1135
        182       1872       1140
        183       1861       1146
        184       1903       1161
        185       1886       1154
        186       1913       1173
        187       1956       1191
        188       1961       1201
        189       1971       1196
        190       1956       1200
        191       1996       1229
        192       1997       1225
        193       2005       1225
        194       2026       1240
        195       2074       1260
        196       2040       1245
        197       2017       1242
        198       2082       1275
        199       2116       1285
        200       2071       1262
        201       2143       1310
        202       2144       1308
        203       2177       1325
        204       2183       1336
        205       2169       1334
        206       2214       1331
        207       2242       1353
        208       2194       1335
        209       2203       1344
        210       2250       1356
        211       2239       1356
        212       2301       1394
        213       2301       1407
        214       2296       1390
        215       2300       1409
        216       2339       1416
        217       2361       1442
        218       2316       1414
        219       2324       1422
        220       2394       1442
        221       2409       1455
        222       2423       1480
        223       2424       1474
        224       2429       1470
        225       2428       1476
        226       2454       1497
        227       2456       1495
        228       2512       1525
        229       2472       1505
        230       2491       1507
        231       2518       1521
        232       2510       1528
        233       2555       1545
        234       2575       1568
        235       2553       1548
        236       2612       1584
        237       2591       1574
        238       2583       1575
        239       2599       1579
        240       2667       1605
        241       2653       1605
        242       2643       1596
        243       2675       1616
        244       2695       1638
        245       2699       1640
        246       2706       1643
        247       2788       1675
        248       2769       1668
        249       2787       1696
        250       2775       1687
        251       2802       1697
        252       2767       1675
        253       2864       1717
        254       2856       1708
        255       2787       1703
        256       2807       1702
        257       2843       1709
        258       2834       1719
        259       2914       1780
        260       2933       1759
        261       2901       1745
        262       2941       1760
        263       2933       1774
        264       2978       1796
        265       2988       1807
        266       2983       1804
        267       2974       1800
        268       3029       1827
        269       3092       1862
        270       3064       1850
        271       3071       1851
        272       3047       1848
        273       3092       1866
        274       3106       1862
        275       3113       1887
        276       3112       1877
        277       3112       1873
        278       3175       1920
        279       3204       1913
        280       3209       1920
        281       3203       1938
        282       3221       1944
        283       3217       1931
        284       3291       1967
        285       3235       1951
        286       3310       1994
        287       3307       1983
        288       3344       1997
        289       3323       1996
        290       3330       1992
        291       3335       2018
        292       3388       2038
        293       3367       2016
        294       3361       2033
        295       3403       2053
        296       3386       2040
        297       3446       2087
        298       3458       2067
        299       3429       2061
        300       3444       2063
        301       3491       2075
        302       3527       2131
        303       3525       2107
        304       3587       2155
        305       3560       2141
        306       3548       2125
        307       3578       2163
        308       3590       2157
        309       3553       2153
        310       3592       2183
        311       3614       2174
        312       3615       2183
        313       3642       2198
        314       3690       2216
        315       3678       2206
        316       3695       2209
        317       3742       2227
        318       3679       2214
        319       3689       2228
        320       3747       2222
        321       3756       2258
        322       3765       2262
        323       3866       2309
        324       3750       2240
        325       3867       2296
        326       3837       2319
        327       3854       2329
        328       3940       2318
        329       3903       2324
        330       3857       2311
        331       3933       2342
        332       3970       2360
        333       3961       2365
        334       4022       2402
        335       3911       2359
        336       3961       2391
        337       4027       2424
        338       4025       2409
        339       4068       2434
        340       4060       2417
        341       4090       2436
        342       4067       2441
        343       4148       2467
        344       4123       2454
        345       4114       2457
        346       4082       2446
        347       4167       2492
        348       4171       2501
        349       4138       2488
        350       4228       2521
        351       4267       2540
        352       4198       2495
        353       4254       2536
        354       4236       2527
        355       4204       2547
        356       4248       2535
        357       4340       2590
        358       4250       2544
        359       4250       2557
        360       4396       2620
        361       4340       2586
        362       4405       2629
        363       4371       2606
        364       4421       2627
        365       4331       2592
        366       4441       2655
        367       4472       2668
        368       4450       2655
        369       4430       2656
        370       4532       2700
        371       4489       2665
        372       4479       2692
        373       4492       2657
        374       4599       2748
        375       4622       2762
        376       4533       2731
        377       4580       2724
        378       4618       2775
        379       4626       2742
        380       4576       2735
        381       4663       2788
        382       4710       2805
        383       4637       2765
        384       4652       2773
        385       4734       2814
        386       4728       2824
        387       4780       2844
        388       4713       2807
        389       4707       2840
        390       4784       2845
        391       4799       2853
        392       4831       2882
        393       4919       2917
        394       4812       2852
        395       4819       2850
        396       4929       2926
        397       4851       2898
        398       4951       2923
        399       4912       2948
        400       4983       2962
        401       5022       2973
        402       4973       2961
        403       4993       2950
        404       4994       2946
        405       5009       2980
        406       4991       2958
        407       5052       2994
        408       5044       2984
        409       5093       3031
        410       5107       3046
        411       5122       3042
        412       5092       3037
        413       5165       3087
        414       5161       3074
        415       5119       3071
        416       5216       3096
        417       5177       3060
        418       5158       3057
        419       5173       3088
        420       5299       3126
        421       5286       3138
        422       5319       3159
        423       5262       3143
        424       5365       3167
        425       5334       3142
        426       5357       3177
        427       5356       3168
        428       5272       3135
        429       5382       3176
        430       5401       3200
        431       5429       3220
        432       5413       3207
        433       5511       3237
        434       5445       3228
        435       5490       3227
        436       5452       3241
        437       5451       3220
        438       5583       3303
        439       5567       3302
        440       5616       3322
        441       5629       3326
        442       5554       3266
        443       5499       3264
        444       5592       3312
        445       5605       3334
        446       5647       3327
        447       5665       3336
        448       5614       3342
        449       5693       3336
        450       5637       3309
        451       5713       3383
        452       5795       3419
        453       5797       3431
        454       5820       3439
        455       5837       3400
        456       5797       3435
        457       5772       3442
        458       5796       3433
        459       5825       3464
        460       5891       3474
        461       5873       3486
        462       5908       3474
        463       5877       3484
        464       5955       3554
        465       5901       3511
        466       5849       3484
        467       5982       3524
        468       5971       3553
        469       6010       3581
        470       5924       3509
        471       6027       3557
        472       5924       3506
        473       5997       3539
        474       6022       3591
        475       6052       3605
        476       6074       3610
        477       6145       3631
        478       6160       3631
        479       6030       3571
        480       6123       3601
        481       6184       3621
        482       6108       3617
        483       6108       3621
        484       6278       3675
        485       6184       3673
        486       6347       3737
        487       6287       3707
        488       6280       3718
        489       6335       3736
        490       6397       3729
        491       6335       3715
        492       6280       3696
        493       6343       3762
        494       6401       3766
        495       6415       3803
        496       6455       3845
        497       6452       3801
        498       6410       3769
        499       6447       3813
        500       6507       3805
        501       6525       3855
        502       6383       3793
        503       6549       3862
        504       6433       3784
        505       6517       3855
        506       6614       3921
        507       6536       3847
        508       6628       3901
        509       6602       3877
        510       6723       3942
        511       6689       3928
        512       6637       3932
        513       6530       3896
        514       6706       3941
        515       6674       3936
        516       6782       3994
        517       6732       3948
        518       6729       3969
        519       6791       4012
        520       6757       3974
        521       6755       3995
        522       6746       3988
        523       6713       3978
        524       6873       4038
        525       6850       4030
        526       6810       4009
        527       6902       4031
        528       6890       4053
        529       6871       4040
        530       6926       4084
        531       6908       4070
        532       7027       4111
        533       6894       4071
        534       6944       4078
        535       6884       4021
        536       6946       4101
        537       6918       4092
        538       6948       4071
        539       7018       4130
        540       7086       4165
        541       7025       4132
        542       7162       4223
        543       7150       4227
        544       7183       4242
        545       7188       4220
        546       7257       4247
        547       7039       4164
        548       7286       4296
        549       7143       4234
        550       7225       4252
        551       7183       4222
        552       7281       4276
        553       7234       4258
        554       7357       4317
        555       7341       4302
        556       7374       4329
        557       7360       4332
        558       7406       4356
        559       7433       4366
        560       7488       4433
        561       7273       4267
        562       7335       4334
        563       7487       4409
        564       7563       4416
        565       7476       4393
        566       7535       4430
        567       7435       4372
        568       7403       4384
        569       7474       4419
        570       7487       4414
        571       7628       4463
        572       7593       4442
        573       7598       4469
        574       7659       4543
        575       7640       4481
        576       7743       4536
        577       7728       4526
        578       7602       4480
        579       7683       4501
        580       7685       4522
        581       7642       4485
        582       7679       4529
        583       7679       4509
        584       7748       4560
        585       7919       4650
        586       7988       4691
        587       7807       4553
        588       7883       4649
        589       7758       4596
        590       7892       4634
        591       8009       4713
        592       7934       4669
        593       7976       4673
        594       7918       4671
        595       7934       4676
        596       7935       4680
        597       8002       4687
        598       7916       4638
        599       8070       4724
        600       7963       4667
        601       8094       4779
        602       8086       4742
        603       8133       4746
        604       8105       4758
        605       8090       4745
        606       8089       4773
        607       8249       4816
        608       8257       4794
        609       8279       4825
        610       8240       4847
        611       8214       4799
        612       8181       4815
        613       8245       4845
        614       8343       4890
        615       8268       4856
        616       8340       4887
        617       8329       4893
        618       8409       4917
        619       8412       4922
        620       8291       4882
        621       8431       4971
        622       8315       4856
        623       8449       4929
        624       8527       4980
        625       8492       4950
        626       8433       4958
        627       8453       4932
        628       8473       4956
        629       8558       5023
        630       8456       4980
        631       8587       5008
        632       8517       5000
        633       8542       4988
        634       8671       5072
        635       8617       5053
        636       8684       5068
        637       8717       5069
        638       8680       5094
        639       8697       5070
        640       8830       5203
        641       8575       5052
        642       8722       5120
        643       8760       5124
        644       8680       5094
        645       8867       5139
        646       8865       5190
        647       8804       5138
        648       8725       5127
        649       8751       5134
        650       8822       5199
        651       8883       5175
        652       8831       5141
        653       8830       5148
        654       8740       5153
        655       8977       5231
        656       8996       5274
        657       8938       5255
        658       9094       5313
        659       8975       5234
        660       9070       5307
        661       9104       5305
        662       9027       5270
        663       9146       5344
        664       9109       5319
        665       9095       5321
        666       9277       5396
        667       9272       5417
        668       9136       5320
        669       9120       5360
        670       9150       5350
        671       9261       5385
        672       9262       5446
        673       9360       5474
        674       9245       5409
        675       9341       5477
        676       9203       5418
        677       9364       5480
        678       9369       5463
        679       9262       5378
        680       9322       5468
        681       9342       5444
        682       9386       5502
        683       9402       5499
        684       9334       5476
        685       9436       5500
        686       9337       5474
        687       9526       5547
        688       9399       5504
        689       9498       5541
        690       9380       5506
        691       9521       5578
        692       9537       5585
        693       9586       5582
        694       9609       5601
        695       9511       5581
        696       9610       5620
        697       9617       5600
        698       9619       5634
        699       9665       5675
        700       9732       5684
        701       9691       5626
        702       9744       5734
        703       9759       5722
        704       9805       5749
        705       9735       5702
        706       9646       5669
        707       9807       5728
        708       9897       5752
        709       9821       5720
        710       9854       5786
        711       9910       5807
        712       9867       5735
        713      10004       5793
        714       9884       5777
        715      10034       5863
        716       9956       5785
        717      10069       5862
        718       9919       5796
        719       9951       5794
        720       9972       5814
        721      10019       5876
        722      10115       5869
        723      10173       5920
        724      10086       5909
        725      10116       5873
        726      10133       5915
        727      10107       5921
        728      10032       5880
        729      10100       5929
        730      10068       5871
        731      10171       5966
        732      10182       5905
        733      10282       6003
        734      10326       6012
        735      10158       5940
        736      10216       5980
        737      10293       5977
        738      10336       6029
        739      10263       6032
        740      10281       6004
        741      10394       6085
        742      10318       6026
        743      10450       6098
        744      10390       6069
        745      10384       6070
        746      10501       6111
        747      10597       6164
        748      10497       6093
        749      10422       6110
        750      10564       6120
        751      10360       6056
        752      10659       6186
        753      10594       6190
        754      10475       6102
        755      10623       6210
        756      10566       6194
        757      10474       6142
        758      10683       6241
        759      10719       6260
        760      10805       6269
        761      10572       6162
        762      10837       6278
        763      10776       6284
        764      10607       6193
        765      10756       6276
        766      10893       6348
        767      10728       6304
        768      10792       6254
        769      10948       6323
        770      10949       6389
        771      10831       6305
        772      10936       6363
        773      10904       6357
        774      10909       6341
        775      10913       6355
        776      10983       6415
        777      10880       6361
        778      11155       6429
        779      11023       6420
        780      10971       6367
        781      10862       6376
        782      11018       6451
        783      11014       6420
        784      11156       6471
        785      11163       6520
        786      11204       6520
        787      11290       6589
        788      11118       6510
        789      11278       6532
        790      11172       6501
        791      11164       6472
        792      11155       6489
        793      11101       6454
        794      11231       6526
        795      11309       6594
        796      11182       6559
        797      11290       6605
        798      11188       6521
        799      11223       6551
        800      11289       6546
        801      11445       6664
        802      11583       6733
        803      11390       6572
        804      11245       6580
        805      11408       6631
        806      11444       6666
        807      11357       6625
        808      11439       6673
        809      11588       6752
        810      11544       6719
        811      11467       6677
        812      11486       6718
        813      11410       6649
        814      11600       6690
        815      11700       6797
        816      11629       6777
        817      11749       6774
        818      11547       6789
        819      11720       6843
        820      11729       6788
        821      11743       6834
        822      11698       6747
        823      11666       6772
        824      11762       6829
        825      11785       6866
        826      11825       6877
        827      11679       6772
        828      11915       6929
        829      11756       6827
        830      11744       6875
        831      11832       6870
        832      11835       6882
        833      11806       6911
        834      12017       6962
        835      11858       6927
        836      11979       6968
        837      11869       6942
        838      11972       6967
        839      12049       6990
        840      11969       6929
        841      11945       6955
        842      12110       7061
        843      12233       7059
        844      12038       6986
        845      12127       7057
        846      12307       7072
        847      12031       6972
        848      12202       7104
        849      12019       7008
        850      12007       6957
        851      12119       7021
        852      12341       7190
        853      12384       7146
        854      12306       7180
        855      12076       7048
        856      12416       7230
        857      12212       7134
        858      12148       7052
        859      12342       7169
        860      12512       7248
        861      12354       7177
        862      12311       7164
        863      12558       7296
        864      12337       7192
        865      12335       7167
        866      12428       7201
        867      12585       7341
        868      12453       7240
        869      12469       7272
        870      12440       7229
        871      12534       7284
        872      12546       7335
        873      12620       7357
        874      12622       7316
        875      12631       7356
        876      12598       7327
        877      12803       7389
        878      12638       7360
        879      12567       7284
        880      12643       7337
        881      12807       7413
        882      12913       7522
        883      12891       7483
        884      12650       7297
        885      12618       7306
        886      12767       7405
        887      12749       7415
        888      12836       7431
        889      12784       7416
        890      12880       7506
        891      12891       7562
        892      12833       7446
        893      12826       7454
        894      12910       7453
        895      12977       7543
        896      13181       7630
        897      12885       7487
        898      13130       7591
        899      12938       7518
        900      13121       7602
        901      13210       7651
        902      13060       7558
        903      13060       7588
        904      13197       7660
        905      13037       7567
        906      13034       7537
        907      13053       7573
        908      13221       7638
        909      13243       7616
        910      13173       7616
        911      13098       7553
        912      13077       7641
        913      13122       7610
        914      13354       7762
        915      13286       7667
        916      13355       7737
        917      13366       7771
        918      13473       7840
        919      13214       7739
        920      13292       7805
        921      13308       7761
        922      13519       7821
        923      13342       7686
        924      13490       7786
        925      13473       7835
        926      13344       7758
        927      13502       7836
        928      13423       7849
        929      13407       7832
        930      13481       7814
        931      13509       7836
        932      13341       7769
        933      13668       7935
        934      13453       7773
        935      13736       7967
        936      13646       7863
        937      13703       7892
        938      13628       7959
        939      13693       7909
        940      13720       7964
        941      13712       7981
        942      13888       8004
        943      13809       8001
        944      13634       7870
        945      13856       8101
        946      13954       8137
        947      13840       8065
        948      13852       8037
        949      13795       7995
        950      13953       8126
        951      13776       7984
        952      13894       8094
        953      14009       8056
        954      13864       8026
        955      14129       8172
        956      14155       8195
        957      13983       8130
        958      13969       8113
        959      14091       8201
        960      14082       8179
        961      14045       8152
        962      14018       8074
        963      14042       8079
        964      14210       8156
        965      14193       8221
        966      14105       8209
        967      14134       8201
        968      14121       8239
        969      14164       8233
        970      14193       8264
        971      14246       8269
        972      14177       8207
        973      14289       8296
        974      14138       8189
        975      14220       8279
        976      14379       8284
        977      14282       8225
        978      14580       8411
        979      14504       8424
        980      14360       8341
        981      14290       8304
        982      14321       8329
        983      14485       8336
        984      14273       8276
        985      14467       8389
        986      14326       8324
        987      14400       8321
        988      14716       8539
        989      14376       8356
        990      14400       8338
        991      14491       8396
        992      14729       8516
        993      14558       8518
        994      14640       8480
        995      14584       8469
        996      14595       8450
        997      14897       8582
        998      14718       8559
        999      14770       8542
       1000      14831       8570
       1001      14872       8576
       1002      14732       8524
       1003      14835       8544
       1004      14710       8503
       1005      14885       8626
       1006      15036       8700
       1007      14859       8642
       1008      14996       8624
       1009      14911       8590
       1010      14838       8570
       1011      14877       8602
       1012      15067       8642
       1013      14976       8640
       1014      14974       8710
       1015      14726       8561
       1016      15014       8697
       1017      15087       8654
       1018      14939       8729
       1019      15103       8732
       1020      15072       8714
       1021      14999       8715
       1022      15208       8829
       1023      15127       8790
       1024      15191       8856
       1025      15058       8744
       1026      15118       8831
       1027      15341       8875
       1028      15070       8744
       1029      15084       8702
       1030      15327       8859
       1031      15203       8795
       1032      15328       8908
       1033      15437       8898
       1034      15366       8903
       1035      15228       8810
       1036      15364       8913
       1037      15486       8973
       1038      15591       9024
       1039      15644       9041
       1040      15503       8957
       1041      15562       8996
       1042      15672       9027
       1043      15404       8908
       1044      15487       8954
       1045      15667       9015
       1046      15592       9010
       1047      15625       9042
       1048      15554       9032
       1049      15716       9081
       1050      15846       9091
       1051      15677       9127
       1052      15730       9111
       1053      15557       8957
       1054      15759       9132
       1055      15718       9092
       1056      15830       9143
       1057      15635       9077
       1058      15718       9137
       1059      15864       9155
       1060      15915       9142
       1061      15728       9091
       1062      15832       9230
       1063      15712       9088
       1064      16010       9238
       1065      15794       9121
       1066      15888       9202
       1067      16160       9348
       1068      15907       9265
       1069      15991       9278
       1070      16093       9348
       1071      15990       9241
       1072      16131       9321
       1073      15932       9228
       1074      15994       9247
       1075      16078       9270
       1076      16029       9258
       1077      16249       9359
       1078      16249       9381
       1079      16183       9387
       1080      16210       9359
       1081      16028       9239
       1082      16054       9296
       1083      16202       9310
       1084      16252       9412
       1085      16297       9423
       1086      16328       9426
       1087      16077       9313
       1088      16077       9322
       1089      16224       9410
       1090      16539       9566
       1091      16624       9540
       1092      16371       9472
       1093      16542       9546
       1094      16457       9448
       1095      16452       9539
       1096      16227       9424
       1097      16502       9569
       1098      16361       9448
       1099      16395       9504
       1100      16661       9631
       1101      16737       9665
       1102      16423       9546
       1103      16773       9674
       1104      16497       9555
       1105      16527       9577
       1106      16496       9587
       1107      16553       9581
       1108      16657       9608
       1109      16579       9570
       1110      16687       9650
       1111      16670       9630
       1112      16758       9632
       1113      16774       9677
       1114      16699       9681
       1115      16755       9668
       1116      16802       9706
       1117      16882       9790
       1118      16902       9749
       1119      16904       9778
       1120      16819       9702
       1121      16903       9740
       1122      16647       9663
       1123      16880       9783
       1124      17029       9779
       1125      16928       9760
       1126      16727       9712
       1127      16966       9788
       1128      17026       9831
       1129      17008       9801
       1130      16978       9792
       1131      17179       9917
       1132      17016       9813
       1133      17085       9886
       1134      16975       9830
       1135      17185       9917
       1136      17021       9905
       1137      17373       9996
       1138      17281       9974
       1139      17133       9906
       1140      17004       9876
       1141      17372      10001
       1142      17033       9903
       1143      17161       9927
       1144      17263       9942
       1145      17131       9893
       1146      17401      10013
       1147      17302      10050
       1148      17388      10020
       1149      17429      10036
       1150      17197       9937
       1151      17454      10020
       1152      17465      10056
       1153      17447      10087
       1154      17564      10111
       1155      17352      10055
       1156      17663      10145
       1157      17575      10089
       1158      17545      10130
       1159      17377      10029
       1160      17559      10153
       1161      17540      10133
       1162      17383      10102
       1163      17699      10243
       1164      17684      10208
       1165      17601      10197
       1166      17519      10148
       1167      17832      10230
       1168      17706      10222
       1169      17827      10279
       1170      17656      10249
       1171      17742      10214
       1172      18030      10382
       1173      17715      10175
       1174      17977      10381
       1175      17843      10330
       1176      17866      10278
       1177      18122      10443
       1178      17992      10362
       1179      17891      10288
       1180      17978      10382
       1181      17956      10379
       1182      18045      10440
       1183      18109      10472
       1184      17988      10391
       1185      18059      10375
       1186      17953      10356
       1187      18133      10483
       1188      17889      10315
       1189      18114      10409
       1190      18081      10380
       1191      18158      10444
       1192      18219      10514
       1193      18474      10619
       1194      18247      10554
       1195      18163      10442
       1196      18153      10413
       1197      18363      10539
       1198      18171      10557
       1199      18342      10595
       1200      18296      10535
       1201      18371      10571
       1202      18226      10520
       1203      18478      10601
       1204      18380      10582
       1205      18498      10625
       1206      18412      10564
       1207      18335      10552
       1208      18220      10529
       1209      18396      10583
       1210      18550      10599
       1211      18688      10732
       1212      18540      10655
       1213      18708      10750
       1214      18517      10623
       1215      18663      10734
       1216      18349      10599
       1217      18502      10663
       1218      18418      10660
       1219      18473      10615
       1220      18685      10760
       1221      18519      10654
       1222      18684      10763
       1223      18707      10756
       1224      18956      10891
       1225      18637      10762
       1226      18545      10725
       1227      18764      10770
       1228      18779      10860
       1229      18914      10852
       1230      18901      10960
       1231      18749      10801
       1232      18804      10876
       1233      18892      10878
       1234      18838      10871
       1235      18999      10976
       1236      18955      10943
       1237      18933      10935
       1238      19043      10993
       1239      18868      10834
       1240      19009      10881
       1241      19178      11049
       1242      18904      10923
       1243      18885      10880
       1244      19029      10979
       1245      18806      10879
       1246      19259      11064
       1247      19075      10961
       1248      19122      11063
       1249      19127      11001
       1250      18930      10923
       1251      19256      11109
       1252      19217      11096
       1253      19217      11032
       1254      19076      10989
       1255      19090      10998
       1256      19444      11184
       1257      19343      11116
       1258      19251      11120
       1259      19584      11224
       1260      19391      11167
       1261      19397      11128
       1262      19225      11047
       1263      19482      11152
       1264      19257      11090
       1265      19462      11259
       1266      19532      11182
       1267      19503      11261
       1268      19626      11290
       1269      19693      11327
       1270      19515      11157
       1271      19704      11316
       1272      19594      11235
       1273      19509      11203
       1274      19800      11295
       1275      19516      11208
       1276      19516      11284
       1277      19944      11481
       1278      19754      11286
       1279      19850      11468
       1280      19527      11241
       1281      19433      11245
       1282      19693      11352
       1283      19679      11325
       1284      19752      11316
       1285      19977      11408
       1286      19912      11440
       1287      19604      11311
       1288      19818      11423
       1289      19682      11326
       1290      20071      11533
       1291      19933      11513
       1292      19987      11478
       1293      20133      11591
       1294      19708      11321
       1295      20054      11533
       1296      20060      11540
       1297      19928      11527
       1298      20090      11606
       1299      20050      11549
       1300      19821      11409
       1301      20003      11440
       1302      20057      11643
       1303      20265      11673
       1304      20149      11608
       1305      19978      11555
       1306      20261      11637
       1307      20352      11635
       1308      20219      11550
       1309      20080      11523
       1310      20279      11668
       1311      20232      11577
       1312      20588      11798
       1313      20549      11822
       1314      20498      11754
       1315      20298      11757
       1316      20347      11773
       1317      20557      11860
       1318      20614      11824
       1319      20332      11746
       1320      20215      11742
       1321      20481      11718
       1322      20555      11807
       1323      20510      11765
       1324      20699      11877
       1325      20554      11771
       1326      20849      11960
       1327      20510      11770
       1328      20549      11861
       1329      20496      11823
       1330      20446      11785
       1331      20583      11858
       1332      20803      11951
       1333      20636      11937
       1334      20685      11921
       1335      20497      11799
       1336      20722      11960
       1337      20655      11941
       1338      20688      11927
       1339      20676      11874
       1340      20869      12024
       1341      20853      12025
       1342      20760      11962
       1343      20867      12009
       1344      20836      11951
       1345      20763      12002
       1346      20797      11994
       1347      21081      12144
       1348      21079      12119
       1349      20967      12083
       1350      21141      12173
       1351      21185      12202
       1352      20966      12041
       1353      21079      12100
       1354      20894      12052
       1355      21190      12191
       1356      20942      12058
       1357      21171      12193
       1358      21059      12112
       1359      21020      12078
       1360      21042      12141
       1361      21224      12229
       1362      21212      12286
       1363      21233      12175
       1364      21090      12215
       1365      21053      12149
       1366      21425      12284
       1367      21201      12206
       1368      21360      12214
       1369      21120      12160
       1370      21392      12278
       1371      21397      12341
       1372      21327      12226
       1373      21598      12414
       1374      21496      12316
       1375      21407      12294
       1376      21624      12400
       1377      21648      12442
       1378      21257      12232
       1379      21620      12413
       1380      21571      12309
       1381      21542      12317
       1382      21290      12294
       1383      21606      12384
       1384      21716      12414
       1385      21766      12492
       1386      21473      12342
       1387      21687      12452
       1388      21911      12581
       1389      21641      12516
       1390      21737      12465
       1391      21642      12504
       1392      21930      12535
       1393      22214      12612
       1394      21568      12334
       1395      21870      12578
       1396      21669      12376
       1397      21888      12579
       1398      21668      12478
       1399      21767      12476
       1400      21938      12537
       1401      21721      12531
       1402      22054      12615
       1403      22054      12655
       1404      21831      12575
       1405      22139      12703
       1406      22122      12796
       1407      21919      12590
       1408      22165      12716
       1409      22098      12718
       1410      22096      12703
       1411      22392      12861
       1412      22295      12770
       1413      21984      12582
       1414      22213      12755
       1415      22162      12841
       1416      22090      12711
       1417      22334      12793
       1418      22154      12728
       1419      22026      12650
       1420      21927      12685
       1421      22372      12885
       1422      22557      12894
       1423      22445      12818
       1424      22131      12715
       1425      22560      12826
       1426      22288      12780
       1427      22447      12888
       1428      22419      12908
       1429      22503      12928
       1430      22464      12927
       1431      22434      12902
       1432      22570      13018
       1433      22812      13041
       1434      22418      12907
       1435      22533      13031
       1436      22470      12898
       1437      22560      12978
       1438      22571      12917
       1439      22240      12866
       1440      22734      13030
       1441      22774      13074
       1442      22471      12864
       1443      22679      13108
       1444      22567      12907
       1445      22830      12977
       1446      22772      13082
       1447      22964      13199
       1448      22754      13067
       1449      22767      13016
       1450      22875      13143
       1451      22691      12957
       1452      23119      13288
       1453      22836      13095
       1454      23108      13262
       1455      22716      13046
       1456      22848      13098
       1457      23309      13293
       1458      23080      13226
       1459      22905      13126
       1460      23157      13229
       1461      22720      13089
       1462      22884      13145
       1463      22979      13243
       1464      23028      13180
       1465      23046      13213
       1466      23406      13333
       1467      23236      13309
       1468      23144      13320
       1469      23232      13363
       1470      23250      13338
       1471      23019      13204
       1472      22985      13276
       1473      23433      13421
       1474      23371      13421
       1475      23287      13335
       1476      23128      13316
       1477      23062      13306
       1478      23551      13437
       1479      23319      13407
       1480      23217      13374
       1481      23349      13396
       1482      23765      13539
       1483      23704      13595
       1484      23199      13330
       1485      23235      13312
       1486      23488      13476
       1487      23330      13322
       1488      23810      13672
       1489      23447      13409
       1490      23338      13452
       1491      23679      13541
       1492      23786      13609
       1493      23510      13403
       1494      23859      13674
       1495      23944      13776
       1496      23990      13685
       1497      23646      13570
       1498      23645      13578
       1499      23921      13688
       1500      23889      13608
       1501      23932      13687
       1502      23545      13597
       1503      23625      13531
       1504      23868      13638
       1505      23911      13709
       1506      24092      13678
       1507      23531      13607
       1508      23968      13708
       1509      23955      13743
       1510      23870      13691
       1511      24178      13813
       1512      24152      13819
       1513      24102      13862
       1514      24094      13853
       1515      23765      13703
       1516      23799      13704
       1517      24199      13801
       1518      23802      13639
       1519      23883      13769
       1520      24073      13894
       1521      23986      13752
       1522      24144      13796
       1523      24356      13967
       1524      24276      13869
       1525      23844      13779
       1526      24270      13892
       1527      24390      13839
       1528      23964      13775
       1529      24346      13969
       1530      24366      13932
       1531      24206      13909
       1532      24374      14004
       1533      23949      13765
       1534      24152      13872
       1535      24483      14077
       1536      24580      13979
       1537      24316      13888
       1538      24633      14071
       1539      24444      14032
       1540      24538      14113
       1541      24476      14020
       1542      24809      14143
       1543      24294      14001
       1544      24233      13991
       1545      24974      14231
       1546      24513      14067
       1547      24581      14055
       1548      24255      13973
       1549      24645      14163
       1550      24610      14125
       1551      25027      14343
       1552      24761      14202
       1553      24863      14285
       1554      24790      14182
       1555      24697      14197
       1556      25037      14299
       1557      24397      13979
       1558      24815      14258
       1559      24912      14287
       1560      24773      14261
       1561      24909      14296
       1562      24904      14313
       1563      25136      14355
       1564      24618      14090
       1565      25028      14321
       1566      25083      14289
       1567      25191      14397
       1568      25206      14422
       1569      25010      14312
       1570      25146      14417
       1571      25448      14452
       1572      24888      14294
       1573      24982      14258
       1574      25140      14437
       1575      24956      14419
       1576      25204      14470
       1577      25403      14545
       1578      25043      14337
       1579      25311      14511
       1580      25152      14430
       1581      25434      14521
       1582      25143      14462
       1583      25020      14424
       1584      25352      14547
       1585      25136      14421
       1586      25271      14529
       1587      25352      14516
       1588      25227      14377
       1589      25499      14610
       1590      25910      14644
       1591      25610      14732
       1592      25978      14837
       1593      25800      14807
       1594      25771      14721
       1595      25627      14587
       1596      25719      14693
       1597      25879      14869
       1598      25692      14757
       1599      25789      14753
       1600      25573      14572
       1601      25544      14611
       1602      25802      14726
       1603      25757      14691
       1604      25693      14672
       1605      25822      14724
       1606      25642      14686
       1607      25884      14824
       1608      25710      14717
       1609      25699      14775
       1610      25843      14817
       1611      25636      14719
       1612      25842      14902
       1613      25876      14907
       1614      25787      14876
       1615      25585      14752
       1616      25884      14854
       1617      25502      14550
       1618      25950      14864
       1619      25989      14792
       1620      25700      14774
       1621      26215      15086
       1622      26253      14958
       1623      25906      14835
       1624      25990      14871
       1625      26166      15027
       1626      26322      14991
       1627      26029      14954
       1628      26198      14881
       1629      26375      15124
       1630      25908      14820
       1631      25986      14953
       1632      26178      15023
       1633      26163      14977
       1634      26410      15083
       1635      26633      15294
       1636      26175      15086
       1637      26293      15064
       1638      26345      15006
       1639      26557      15185
       1640      26574      15233
       1641      26473      15167
       1642      26394      15136
       1643      26559      15154
       1644      26354      15259
       1645      26311      15085
       1646      26390      15136
       1647      26611      15308
       1648      26477      15222
       1649      26675      15301
       1650      26437      15256
       1651      26201      15024
       1652      26691      15221
       1653      26704      15252
       1654      26470      15173
       1655      26998      15423
       1656      26932      15381
       1657      26321      15085
       1658      27099      15448
       1659      26864      15416
       1660      26502      15168
       1661      26448      15244
       1662      27018      15456
       1663      26640      15227
       1664      26566      15176
       1665      27106      15493
       1666      27076      15383
       1667      26892      15443
       1668      26774      15305
       1669      27225      15632
       1670      26770      15276
       1671      26888      15470
       1672      27067      15509
       1673      26920      15442
       1674      27046      15480
       1675      27252      15567
       1676      27017      15500
       1677      26816      15287
       1678      27101      15560
       1679      27031      15480
       1680      26783      15463
       1681      27345      15598
       1682      27119      15483
       1683      27134      15564
       1684      27049      15510
       1685      27014      15457
       1686      27043      15617
       1687      26968      15452
       1688      27561      15834
       1689      27320      15754
       1690      27376      15588
       1691      27194      15573
       1692      27324      15545
       1693      27435      15728
       1694      27231      15696
       1695      27479      15702
       1696      27570      15790
       1697      27313      15651
       1698      27662      15711
       1699      27625      15706
       1700      27372      15638
       1701      27563      15760
       1702      27934      15999
       1703      27587      15789
       1704      27504      15602
       1705      27463      15735
       1706      27615      15821
       1707      27516      15686
       1708      27687      15861
       1709      27810      15814
       1710      27691      15850
       1711      27788      15881
       1712      27862      15973
       1713      27820      15991
       1714      28078      16061
       1715      27645      15862
       1716      27794      15996
       1717      27447      15711
       1718      27958      15989
       1719      27727      15903
       1720      27621      15838
       1721      27786      15958
       1722      28085      16041
       1723      28085      16038
       1724      28048      16078
       1725      27839      15958
       1726      27508      15747
       1727      28205      16073
       1728      28091      16046
       1729      28288      16144
       1730      27971      16051
       1731      28190      16090
       1732      28220      16081
       1733      28123      16108
       1734      28285      16093
       1735      28334      16252
       1736      28021      16086
       1737      27928      16007
       1738      27997      16002
       1739      28211      16178
       1740      28241      16180
       1741      28087      16124
       1742      28437      16191
       1743      28193      16241
       1744      28599      16306
       1745      28439      16301
       1746      28036      16138
       1747      28429      16262
       1748      28470      16404
       1749      28592      16335
       1750      28269      16267
       1751      28245      16107
       1752      28422      16259
       1753      28302      16195
       1754      28504      16247
       1755      28255      16146
       1756      28349      16275
       1757      28588      16377
       1758      28767      16403
       1759      28638      16268
       1760      28740      16418
       1761      28304      16241
       1762      28641      16437
       1763      28309      16249
       1764      28732      16393
       1765      28369      16341
       1766      28993      16494
       1767      28639      16351
       1768      28675      16368
       1769      28919      16504
       1770      28925      16530
       1771      29064      16515
       1772      28905      16410
       1773      28813      16429
       1774      29022      16608
       1775      29173      16711
       1776      29050      16568
       1777      29152      16648
       1778      29177      16602
       1779      28814      16452
       1780      29352      16816
       1781      28976      16683
       1782      29240      16659
       1783      29092      16613
       1784      29113      16604
       1785      28777      16472
       1786      29143      16641
       1787      29149      16663
       1788      28842      16536
       1789      29127      16707
       1790      29197      16677
       1791      29099      16648
       1792      29195      16668
       1793      29120      16743
       1794      29081      16672
       1795      29655      16977
       1796      29199      16759
       1797      29237      16621
       1798      29031      16620
       1799      29262      16780
       1800      29347      16799
       1801      29706      16946
       1802      29045      16594
       1803      29196      16620
       1804      29535      16778
       1805      29741      16986
       1806      29250      16670
       1807      29227      16700
       1808      29649      16807
       1809      29489      16833
       1810      29556      16928
       1811      29388      16831
       1812      29643      16906
       1813      29642      16806
       1814      29373      16757
       1815      29672      16949
       1816      29638      16949
       1817      29503      16969
       1818      29955      17119
       1819      29477      16874
       1820      29728      17009
       1821      29583      16970
       1822      29785      16923
       1823      30153      17137
       1824      29909      16978
       1825      29662      17075
       1826      29861      17118
       1827      29702      17071
       1828      30087      17161
       1829      29934      17119
       1830      29714      16995
       1831      30304      17238
       1832      30063      17080
       1833      29684      16913
       1834      29988      17039
       1835      30285      17150
       1836      30259      17201
       1837      30024      17085
       1838      29921      17015
       1839      30028      17149
       1840      30381      17250
       1841      30387      17269
       1842      29565      16950
       1843      30016      17196
       1844      30630      17466
       1845      30305      17349
       1846      30394      17364
       1847      30294      17362
       1848      30259      17268
       1849      30310      17291
       1850      30146      17238
       1851      30593      17467
       1852      30320      17379
       1853      30283      17299
       1854      30512      17425
       1855      30934      17612
       1856      30632      17460
       1857      30034      17191
       1858      30638      17418
       1859      30167      17180
       1860      30420      17450
       1861      30554      17492
       1862      30446      17416
       1863      30842      17670
       1864      30690      17516
       1865      30172      17382
       1866      30639      17489
       1867      31171      17672
       1868      30639      17489
       1869      30763      17660
       1870      30935      17703
       1871      30874      17578
       1872      30751      17559
       1873      30505      17423
       1874      30948      17736
       1875      30663      17552
       1876      30540      17569
       1877      30669      17692
       1878      30630      17450
       1879      30926      17567
       1880      31275      17847
       1881      30758      17594
       1882      30978      17723
       1883      30956      17639
       1884      31294      17773
       1885      30836      17609
       1886      31175      17860
       1887      31084      17714
       1888      31200      17864
       1889      31355      17861
       1890      30907      17540
       1891      31034      17661
       1892      31010      17788
       1893      31154      17850
       1894      31426      17833
       1895      31007      17736
       1896      31174      17791
       1897      30913      17616
       1898      31108      17823
       1899      31412      17806
       1900      31449      17867
       1901      31164      17886
       1902      31170      17841
       1903      32000      18101
       1904      31147      17757
       1905      31355      17904
       1906      31417      17977
       1907      31312      17762
       1908      31556      18002
       1909      31229      17793
       1910      31303      17874
       1911      31128      17793
       1912      31812      18105
       1913      31394      17958
       1914      31817      18194
       1915      31109      17809
       1916      31760      18241
       1917      31672      18070
       1918      31590      17992
       1919      31510      18095
       1920      31541      18033
       1921      31278      17954
       1922      31994      18261
       1923      31540      17999
       1924      32136      18174
       1925      31646      18085
       1926      31748      18135
       1927      32041      18245
       1928      31709      18175
       1929      31683      18103
       1930      31566      18154
       1931      32244      18366
       1932      31946      18205
       1933      31762      18199
       1934      32188      18233
       1935      32094      18257
       1936      31649      18059
       1937      31992      18272
       1938      32065      18298
       1939      31744      18107
       1940      31980      18273
       1941      31906      18367
       1942      32078      18329
       1943      32099      18358
       1944      32145      18292
       1945      32052      18297
       1946      32494      18418
       1947      32545      18577
       1948      32644      18594
       1949      32183      18346
       1950      32373      18520
       1951      32181      18220
       1952      32538      18591
       1953      32148      18254
       1954      32604      18556
       1955      32415      18513
       1956      32384      18419
       1957      32052      18316
       1958      32323      18452
       1959      32127      18288
       1960      32341      18443
       1961      32352      18460
       1962      32409      18548
       1963      32466      18427
       1964      32526      18503
       1965      32453      18604
       1966      32348      18479
       1967      32418      18369
       1968      32971      18733
       1969      32702      18665
       1970      32737      18597
       1971      32368      18426
       1972      32569      18639
       1973      32831      18640
       1974      32637      18600
       1975      32784      18821
       1976      32724      18711
       1977      33084      18873
       1978      32790      18624
       1979      32644      18664
       1980      33220      18872
       1981      33479      18962
       1982      32802      18695
       1983      33232      19020
       1984      32786      18706
       1985      32682      18683
       1986      33419      18982
       1987      33024      18877
       1988      33133      18847
       1989      33129      18834
       1990      33313      18895
       1991      32991      18894
       1992      32581      18628
       1993      32499      18641
       1994      33331      18941
       1995      32878      18830
       1996      32667      18662
       1997      33267      19012
       1998      33075      18861
       1999      32920      18791
       2000      32638      18642
       2001      33346      19002
       2002      33386      19050
       2003      33111      18858
       2004      33261      18999
       2005      33243      19004
       2006      33263      18935
       2007      33193      18953
       2008      33276      19035
       2009      33331      18996
       2010      33706      19093
       2011      33646      19055
       2012      33500      18991
       2013      33315      19003
       2014      33366      19065
       2015      33563      19265
       2016      33851      19154
       2017      33107      18994
       2018      33645      19126
       2019      33374      19021
       2020      33138      18938
       2021      33501      19097
       2022      33819      19258
       2023      33643      19218
       2024      33620      19209
       2025      33778      19287
       2026      33872      19293
       2027      33367      19042
       2028      33908      19402
       2029      33790      19327
       2030      33416      19046
       2031      33430      19166
       2032      33823      19351
       2033      34096      19290
       2034      34376      19551
       2035      33619      19337
       2036      33749      19218
       2037      33893      19256
       2038      33860      19267
       2039      33515      19100
       2040      33709      19188
       2041      33774      19198
       2042      33919      19376
       2043      33891      19324
       2044      34011      19489
       2045      33608      19171
       2046      34044      19309
       2047      33983      19319
       2048      34190      19512
       2049      33835      19387
       2050      34045      19407
       2051      33890      19365
       2052      33915      19087
       2053      34042      19427
       2054      34534      19662
       2055      34065      19430
       2056      33861      19348
       2057      34405      19572
       2058      34060      19520
       2059      34215      19493
       2060      34593      19658
       2061      34824      19831
       2062      34333      19560
       2063      34492      19662
       2064      34547      19682
       2065      34097      19438
       2066      34367      19564
       2067      34643      19752
       2068      34350      19564
       2069      34457      19615
       2070      34692      19708
       2071      34437      19600
       2072      34328      19600
       2073      34193      19493
       2074      34953      19942
       2075      35067      19963
       2076      34455      19606
       2077      34857      19822
       2078      34461      19597
       2079      34806      19832
       2080      34696      19811
       2081      34829      19889
       2082      34796      19781
       2083      34657      19659
       2084      34951      19954
       2085      34913      19890
       2086      34571      19880
       2087      35172      19974
       2088      35245      20114
       2089      35077      20019
       2090      35135      19906
       2091      34807      19837
       2092      34825      19816
       2093      34894      19958
       2094      35325      20151
       2095      34708      19805
       2096      35047      19858
       2097      35184      20079
       2098      35688      20219
       2099      35098      19922
       2100      34859      19957
       2101      35246      20087
       2102      35176      20006
       2103      34855      19855
       2104      35256      20054
       2105      34973      19996
       2106      35249      20052
       2107      35468      20160
       2108      35402      20146
       2109      35503      20148
       2110      35636      20281
       2111      34985      19995
       2112      35754      20351
       2113      35377      20248
       2114      35634      20340
       2115      35343      20177
       2116      35225      20117
       2117      35381      20209
       2118      35234      20222
       2119      35554      20276
       2120      35360      20170
       2121      35497      20189
       2122      35055      20118
       2123      35283      20119
       2124      34905      19918
       2125      35911      20227
       2126      35780      20417
       2127      35431      20224
       2128      35617      20272
       2129      35830      20413
       2130      35909      20331
       2131      35633      20226
       2132      35448      20099
       2133      35529      20072
       2134      35934      20311
       2135      35966      20500
       2136      35935      20436
       2137      36162      20477
       2138      35932      20470
       2139      36128      20475
       2140      35797      20391
       2141      35869      20447
       2142      35852      20469
       2143      35565      20284
       2144      35869      20485
       2145      36158      20592
       2146      36463      20739
       2147      36183      20649
       2148      35865      20318
       2149      36183      20527
       2150      36164      20525
       2151      36122      20584
       2152      35992      20560
       2153      36317      20559
       2154      36276      20640
       2155      36493      20698
       2156      36331      20674
       2157      36336      20595
       2158      36102      20475
       2159      36422      20822
       2160      36139      20548
       2161      36126      20624
       2162      36125      20699
       2163      36610      20749
       2164      36379      20706
       2165      36002      20582
       2166      36620      20809
       2167      36845      20883
       2168      36277      20549
       2169      36481      20806
       2170      36706      20901
       2171      36388      20659
       2172      37092      21090
       2173      36502      20888
       2174      36033      20604
       2175      36859      20894
       2176      36406      20795
       2177      37085      21114
       2178      36415      20657
       2179      36207      20580
       2180      36778      20931
       2181      36536      20836
       2182      36378      20726
       2183      36927      20923
       2184      36646      20910
       2185      36970      20971
       2186      37001      21065
       2187      37011      21052
       2188      36829      21002
       2189      36935      21041
       2190      36781      20946
       2191      36639      20928
       2192      36858      21057
       2193      36792      21023
       2194      36916      21047
       2195      36961      21075
       2196      36821      21073
       2197      37074      21019
       2198      36943      21051
       2199      37057      21063
       2200      37044      21178
       2201      36954      20951
       2202      36862      21058
       2203      36915      20955
       2204      36963      21078
       2205      37105      21154
       2206      37314      21228
       2207      36860      20965
       2208      37067      21055
       2209      37171      21154
       2210      37293      21225
       2211      37416      21294
       2212      37228      21011
       2213      37542      21323
       2214      37431      21325
       2215      36877      21016
       2216      37059      21112
       2217      37722      21468
       2218      37698      21451
       2219      37721      21359
       2220      37458      21339
       2221      37732      21485
       2222      37902      21562
       2223      37434      21344
       2224      37952      21545
       2225      37646      21412
       2226      37454      21356
       2227      37476      21216
       2228      37426      21358
       2229      37452      21270
       2230      37473      21434
       2231      37859      21467
       2232      37487      21348
       2233      37631      21448
       2234      37395      21242
       2235      37439      21373
       2236      37642      21461
       2237      38068      21528
       2238      37972      21565
       2239      37442      21315
       2240      38059      21633
       2241      37823      21460
       2242      37464      21493
       2243      37945      21563
       2244      38005      21701
       2245      37814      21572
       2246      38517      21795
       2247      38043      21630
       2248      37866      21502
       2249      38021      21739
       2250      38213      21874
       2251      37991      21569
       2252      37972      21548
       2253      38133      21731
       2254      38249      21736
       2255      38157      21803
       2256      38524      21856
       2257      38154      21709
       2258      38469      21868
       2259      38459      21926
       2260      38215      21752
       2261      38278      21868
       2262      38356      21806
       2263      38290      21842
       2264      38147      21784
       2265      38380      21839
       2266      38297      21730
       2267      38773      22029
       2268      38014      21648
       2269      38151      21772
       2270      38658      21821
       2271      38271      21775
       2272      38199      21733
       2273      38632      22000
       2274      38867      21937
       2275      38468      21808
       2276      38277      21767
       2277      38718      21945
       2278      38756      22100
       2279      38416      21903
       2280      38935      22026
       2281      38662      21862
       2282      38561      22000
       2283      38961      22065
       2284      38695      21943
       2285      38716      22002
       2286      39269      22129
       2287      38444      21960
       2288      38852      22164
       2289      38814      22196
       2290      38705      21972
       2291      39289      22280
       2292      38649      22056
       2293      38643      22046
       2294      38531      22000
       2295      38763      22060
       2296      39059      22147
       2297      38448      21814
       2298      38969      22065
       2299      38607      22133
       2300      38840      22123
       2301      38891      22114
       2302      38896      22259
       2303      38990      22227
       2304      39626      22442
       2305      39461      22322
       2306      39110      22145
       2307      39327      22342
       2308      39499      22445
       2309      39321      22262
       2310      39184      22309
       2311      39263      22455
       2312      39251      22379
       2313      39175      22328
       2314      38947      22184
       2315      39430      22457
       2316      39316      22290
       2317      39088      22315
       2318      39345      22232
       2319      39550      22460
       2320      39423      22500
       2321      39612      22450
       2322      39510      22520
       2323      39177      22244
       2324      39090      22169
       2325      39391      22556
       2326      39165      22297
       2327      39291      22417
       2328      39279      22429
       2329      39654      22549
       2330      39312      22305
       2331      39764      22591
       2332      39671      22586
       2333      39919      22419
       2334      39785      22528
       2335      39619      22531
       2336      39890      22591
       2337      39432      22398
       2338      40001      22683
       2339      40105      22789
       2340      39755      22511
       2341      40044      22749
       2342      39956      22625
       2343      40039      22674
       2344      39708      22508
       2345      39598      22539
       2346      40266      22646
       2347      40169      22792
       2348      40096      22885
       2349      40121      22831
       2350      40334      22961
       2351      39968      22753
       2352      39897      22614
       2353      39860      22667
       2354      40139      22879
       2355      40128      22760
       2356      40391      22877
       2357      40400      22901
       2358      40315      22886
       2359      39943      22764
       2360      40621      22917
       2361      39639      22649
       2362      40329      22933
       2363      40030      22686
       2364      40442      22975
       2365      40462      23030
       2366      40111      22835
       2367      40187      22858
       2368      39935      22785
       2369      40381      22874
       2370      40524      23071
       2371      39970      22843
       2372      40483      22977
       2373      40648      23074
       2374      40243      22829
       2375      40581      23116
       2376      40393      22811
       2377      41145      23277
       2378      40701      23113
       2379      40801      23106
       2380      40707      23073
       2381      40475      23035
       2382      40919      23213
       2383      40551      23100
       2384      40923      23287
       2385      40663      23038
       2386      40944      23209
       2387      40983      23184
       2388      41230      23391
       2389      41034      23259
       2390      41691      23672
       2391      40424      22968
       2392      40582      23182
       2393      40640      23143
       2394      40569      23128
       2395      40622      23091
       2396      41115      23382
       2397      41110      23299
       2398      40809      23205
       2399      40980      23334
       2400      40507      23100
       2401      41497      23488
       2402      40717      23204
       2403      40957      23283
       2404      41034      23439
       2405      41351      23477
       2406      41172      23385
       2407      41110      23376
       2408      40742      23168
       2409      40781      23263
       2410      41414      23498
       2411      41093      23344
       2412      41283      23461
       2413      41406      23376
       2414      41492      23468
       2415      41668      23733
       2416      41438      23651
       2417      41526      23591
       2418      41725      23649
       2419      41125      23417
       2420      41662      23619
       2421      41068      23387
       2422      41297      23505
       2423      41697      23543
       2424      41091      23365
       2425      41313      23442
       2426      41575      23570
       2427      41687      23668
       2428      41273      23351
       2429      41613      23595
       2430      41636      23716
       2431      41697      23827
       2432      41336      23571
       2433      41200      23405
       2434      41640      23564
       2435      41696      23605
       2436      41694      23652
       2437      41761      23690
       2438      42180      23932
       2439      41856      23584
       2440      41632      23568
       2441      41536      23687
       2442      41651      23735
       2443      41343      23574
       2444      42008      23789
       2445      41673      23627
       2446      41926      23899
       2447      41723      23668
       2448      42163      23815
       2449      41931      23762
       2450      41743      23671
       2451      41540      23685
       2452      42117      23897
       2453      42257      23935
       2454      42121      24096
       2455      41978      23940
       2456      42356      23940
       2457      42316      23867
       2458      42474      24139
       2459      42200      23970
       2460      41923      23909
       2461      41687      23731
       2462      42368      24143
       2463      42751      24235
       2464      41760      23842
       2465      42032      23900
       2466      42292      23976
       2467      42279      23989
       2468      42316      24081
       2469      42565      24083
       2470      41823      23782
       2471      42540      24244
       2472      42170      23988
       2473      42888      24478
       2474      42125      24028
       2475      42638      24161
       2476      42119      24062
       2477      42601      24098
       2478      42214      23902
       2479      42578      24012
       2480      42555      24234
       2481      42420      24021
       2482      42071      23957
       2483      42369      24139
       2484      43223      24511
       2485      42602      24208
       2486      43347      24566
       2487      42805      24332
       2488      42330      24093
       2489      42591      24110
       2490      42371      24131
       2491      42890      24274
       2492      42922      24347
       2493      42411      24105
       2494      42934      24313
       2495      42441      24057
       2496      42501      24253
       2497      43218      24549
       2498      42915      24529
       2499      43108      24466
       2500      42733      24166
       2501      43096      24391
       2502      42892      24380
       2503      43244      24452
       2504      43530      24623
       2505      43425      24494
       2506      43174      24409
       2507      43102      24559
       2508      42827      24253
       2509      42937      24358
       2510      42933      24293
       2511      42937      24494
       2512      43264      24611
       2513      43237      24492
       2514      42741      24343
       2515      43128      24613
       2516      43766      24916
       2517      43180      24417
       2518      43704      24696
       2519      43262      24455
       2520      43011      24339
       2521      43285      24693
       2522      42908      24413
       2523      43578      24747
       2524      42938      24483
       2525      43391      24665
       2526      43524      24620
       2527      43981      24987
       2528      43417      24554
       2529      44143      24909
       2530      43398      24706
       2531      43372      24720
       2532      43546      24862
       2533      43566      24779
       2534      43600      24833
       2535      43862      24965
       2536      43849      24830
       2537      43502      24782
       2538      43824      24810
       2539      43648      25012
       2540      43452      24729
       2541      43184      24549
       2542      43766      24851
       2543      43789      24749
       2544      43328      24691
       2545      44037      25051
       2546      44035      24979
       2547      43988      24981
       2548      44072      24961
       2549      44044      25071
       2550      44070      25006
       2551      44207      25047
       2552      43449      24733
       2553      43634      24759
       2554      43895      24925
       2555      44270      25062
       2556      44040      25031
       2557      44029      24893
       2558      44491      25181
       2559      43839      24952
       2560      44124      24951
       2561      44801      25262
       2562      44273      25073
       2563      44022      25066
       2564      43947      25019
       2565      44549      25201
       2566      44421      25135
       2567      44096      25080
       2568      44095      25062
       2569      44863      25373
       2570      43915      25016
       2571      44466      25266
       2572      44312      25253
       2573      44124      25090
       2574      44613      25194
