          1          0          0
          2          1          1
          3          2          4
          4          5          7
          5          8         10
          6         11         16
          7         14         21
          8         21         25
          9         26         30
         10         29         35
         11         34         41
         12         38         53
         13         43         61
         14         46         64
         15         51         71
         16         68         80
         17         74         86
         18         77         90
         19         83         97
         20         88        108
         21         94        115
         22         98        121
         23        105        129
         24        118        166
         25        124        174
         26        125        173
         27        132        181
         28        135        186
         29        142        194
         30        145        200
         31        152        209
         32        196        247
         33        204        258
         34        201        243
         35        210        252
         36        212        254
         37        221        264
         38        225        270
         39        232        277
         40        248        318
         41        256        326
         42        256        322
         43        264        331
         44        270        341
         45        278        349
         46        282        354
         47        290        364
         48        338        502
         49        345        509
         50        336        476
         51        345        489
         52        340        467
         53        349        478
         54        352        481
         55        360        491
         56        371        517
         57        381        531
         58        380        523
         59        388        533
         60        394        541
         61        402        551
         62        406        558
         63        414        569
         64        534        736
         65        544        748
         66        526        687
         67        537        701
         68        526        656
         69        535        666
         70        538        667
         71        547        678
         72        560        701
         73        570        715
         74        568        704
         75        578        716
         76        585        724
         77        595        736
         78        597        737
         79        607        748
         80        666        911
         81        678        929
         82        662        877
         83        673        892
         84        667        863
         85        679        881
         86        678        870
         87        688        881
         88        709        932
         89        718        943
         90        714        924
         91        725        939
         92        731        944
         93        742        960
         94        743        958
         95        753        968
         96        920       1457
         97        935       1483
         98        892       1351
         99        903       1367
        100        866       1245
        101        877       1259
        102        875       1247
        103        884       1256
        104        884       1240
        105        894       1254
        106        888       1231
        107        899       1246
        108        902       1243
        109        913       1259
        110        915       1259
        111        924       1270
        112        986       1436
        113        997       1454
        114        977       1389
        115        985       1397
        116        981       1371
        117        990       1382
        118        987       1369
        119        999       1384
        120       1022       1437
        121       1035       1458
        122       1027       1431
        123       1038       1446
        124       1043       1449
        125       1054       1464
        126       1054       1460
        127       1064       1474
        128       1423       2154
        129       1439       2180
        130       1363       1947
        131       1376       1966
        132       1315       1767
        133       1330       1794
        134       1321       1758
        135       1336       1784
        136       1326       1731
        137       1337       1745
        138       1327       1709
        139       1338       1721
        140       1342       1717
        141       1355       1737
        142       1352       1723
        143       1366       1744
        144       1438       1932
        145       1448       1943
        146       1423       1864
        147       1435       1879
        148       1424       1833
        149       1436       1846
        150       1431       1828
        151       1441       1838
        152       1475       1913
        153       1489       1934
        154       1476       1892
        155       1490       1913
        156       1496       1914
        157       1509       1934
        158       1506       1921
        159       1517       1933
        160       1755       2618
        161       1767       2635
        162       1698       2425
        163       1714       2454
        164       1665       2291
        165       1679       2310
        166       1664       2263
        167       1678       2284
        168       1684       2277
        169       1696       2290
        170       1680       2241
        171       1690       2253
        172       1692       2240
        173       1703       2253
        174       1699       2236
        175       1710       2249
        176       1809       2516
        177       1822       2534
        178       1788       2432
        179       1800       2446
        180       1788       2394
        181       1801       2412
        182       1789       2375
        183       1802       2393
        184       1842       2486
        185       1856       2505
        186       1839       2458
        187       1849       2466
        188       1856       2467
        189       1868       2483
        190       1863       2467
        191       1874       2480
        192       2474       4249
        193       2488       4268
        194       2344       3839
        195       2359       3863
        196       2213       3408
        197       2228       3433
        198       2207       3369
        199       2223       3395
        200       2159       3175
